    1 2 3 4
   5 6 7 8 9
14           15
 10         11
 12         13

button1
00 d4 00 01 0000000000000000000000000000000000000000000000000000000000000000000000000000000000000000
00 d4 00 00 0000000000000000000000000000000000000000000000000000000000000000000000000000000000000000

button2
00 d4 00 02 0000000000000000000000000000000000000000000000000000000000000000000000000000000000000000
00 d4 00 00 0000000000000000000000000000000000000000000000000000000000000000000000000000000000000000

button3
00 d4 00 04 0000000000000000000000000000000000000000000000000000000000000000000000000000000000000000
00 d4 00 00 0000000000000000000000000000000000000000000000000000000000000000000000000000000000000000

button4
00 d4 00 08 0000000000000000000000000000000000000000000000000000000000000000000000000000000000000000
00 d4 00 00 0000000000000000000000000000000000000000000000000000000000000000000000000000000000000000

button5
00 d4 00 10 0000000000000000000000000000000000000000000000000000000000000000000000000000000000000000
00 d4 00 00 0000000000000000000000000000000000000000000000000000000000000000000000000000000000000000

button6
00 d4 00 20 0000000000000000000000000000000000000000000000000000000000000000000000000000000000000000
00 d4 00 00 0000000000000000000000000000000000000000000000000000000000000000000000000000000000000000

button7
00 d4 00 40 0000000000000000000000000000000000000000000000000000000000000000000000000000000000000000
00 d4 00 00 0000000000000000000000000000000000000000000000000000000000000000000000000000000000000000

button8
00 d4 00 80 0000000000000000000000000000000000000000000000000000000000000000000000000000000000000000
00 d4 00 00 0000000000000000000000000000000000000000000000000000000000000000000000000000000000000000

button9
00 d4 00 00 01 00000000000000000000000000000000000000000000000000000000000000000000000000000000000000
00 d4 00 00 00 00000000000000000000000000000000000000000000000000000000000000000000000000000000000000

button10
00 d4 00 00 02 00000000000000000000000000000000000000000000000000000000000000000000000000000000000000
00 d4 00 00 00 00000000000000000000000000000000000000000000000000000000000000000000000000000000000000

button11
00 d4 00 00 04 00000000000000000000000000000000000000000000000000000000000000000000000000000000000000
00 d4 00 00 00 00000000000000000000000000000000000000000000000000000000000000000000000000000000000000

button12
00 d4 00 00 08 00000000000000000000000000000000000000000000000000000000000000000000000000000000000000
00 d4 00 00 00 00000000000000000000000000000000000000000000000000000000000000000000000000000000000000

button13
00 d4 00 00 10 00000000000000000000000000000000000000000000000000000000000000000000000000000000000000
00 d4 00 00 00 00000000000000000000000000000000000000000000000000000000000000000000000000000000000000

button14
00 d4 00 00 20 00000000000000000000000000000000000000000000000000000000000000000000000000000000000000
00 d4 00 00 00 00000000000000000000000000000000000000000000000000000000000000000000000000000000000000

button15
00 d4 00 00 40 00000000000000000000000000000000000000000000000000000000000000000000000000000000000000
00 d4 00 00 00 00000000000000000000000000000000000000000000000000000000000000000000000000000000000000


wheel, 2nd byte, left: x-1, right x+1
00 x 00 00 00 00000000000000000000000000000000000000000000000000000000000000000000000000000000000000

jog, 1st byte, 